[[[[4,0],[5,4]],[[7,7],[6,0]]],[[8,9],[[0,[[5,6],3]],[[6,3],[8,8]]]]]
[[[[4,0],[5,4]],[[7,7],[6,0]]],[[8,[7,7]],[[7,9],[5,0]]]]



[[[[4,0],[5,4]],[[7,7],[6,0]]],[[8,9],[[0,[[5,6],3]],[[6,3],[8,8]]]]]
[[[[4,0],[5,4]],[[7,7],[6,0]]],[[8,9],[[5,[0,9]],[[6,3],[8,8]]]]]
[[[[4,0],[5,4]],[[7,7],[6,0]]],[[8,9],[[5,0],[[15,3],[8,8]]]]]
[[[[4,0],[5,4]],[[7,7],[6,0]]],[[8,9],[[5,0],[[[7,8],3],[8,8]]]]]
[[[[4,0],[5,4]],[[7,7],[6,0]]],[[8,9],[[5,7],[[0,11],[8,8]]]]]
[[[[4,0],[5,4]],[[7,7],[6,0]]],[[8,9],[[5,7],[[0,[5,6]],[8,8]]]]]
[[[[4,0],[5,4]],[[7,7],[6,0]]],[[8,9],[[5,7],[[5,0],[14,8]]]]]
[[[[4,0],[5,4]],[[7,7],[6,0]]],[[8,9],[[5,7],[[5,0],[[7,7],8]]]]]
[[[[4,0],[5,4]],[[7,7],[6,0]]],[[8,9],[[5,7],[[5,7],[[0,15]]]]]
[[[[4,0],[5,4]],[[7,7],[6,0]]],[[8,9],[[5,7],[[5,7],[[0,[7,8]]]]]]
[[[[4,0],[5,4]],[[7,7],[6,0]]],[[8,9],[[5,7],[[5,7],[[7,0]]]]]]
[[[[4,0],[5,4]],[[7,7],[6,0]]],[[8,[7,7]],[[7,9],[5,0]]]]